Running 10m test @ http://localhost:8080
  4 threads and 30 connections
  Thread calibration: mean lat.: 193.250ms, rate sampling interval: 1355ms
  Thread calibration: mean lat.: 193.629ms, rate sampling interval: 1364ms
  Thread calibration: mean lat.: 191.006ms, rate sampling interval: 1343ms
  Thread calibration: mean lat.: 191.797ms, rate sampling interval: 1357ms
  Thread Stats   Avg      Stdev     Max   +/- Stdev
    Latency   125.63ms  542.70ms   4.74s    94.84%
    Req/Sec   174.71     28.31   482.00     90.11%
  Latency Distribution (HdrHistogram - Recorded Latency)
 50.000%    2.29ms
 75.000%    3.02ms
 90.000%  157.69ms
 99.000%    3.96s 
 99.900%    4.69s 
 99.990%    4.72s 
 99.999%    4.73s 
100.000%    4.74s 

  Detailed Percentile spectrum:
       Value   Percentile   TotalCount 1/(1-Percentile)

       0.664     0.000000            1         1.00
       1.435     0.100000        41397         1.11
       1.699     0.200000        82688         1.25
       1.900     0.300000       124128         1.43
       2.091     0.400000       165584         1.67
       2.289     0.500000       206944         2.00
       2.395     0.550000       227500         2.22
       2.511     0.600000       248228         2.50
       2.643     0.650000       268956         2.86
       2.801     0.700000       289439         3.33
       3.023     0.750000       310087         4.00
       3.183     0.775000       320361         4.44
       3.433     0.800000       330703         5.00
       3.981     0.825000       341041         5.71
       5.959     0.850000       351376         6.67
      30.143     0.875000       361697         8.00
      82.111     0.887500       366866         8.89
     157.823     0.900000       372035        10.00
     250.751     0.912500       377204        11.43
     375.807     0.925000       382368        13.33
     534.015     0.937500       387535        16.00
     617.471     0.943750       390119        17.78
     690.175     0.950000       392709        20.00
     788.991     0.956250       395285        22.86
     890.367     0.962500       397871        26.67
    1089.535     0.968750       400452        32.00
    1159.167     0.971875       401745        35.56
    1341.439     0.975000       403037        40.00
    1555.455     0.978125       404331        45.71
    2008.063     0.981250       405619        53.33
    2351.103     0.984375       406916        64.00
    2775.039     0.985938       407557        71.11
    3307.519     0.987500       408201        80.00
    3803.135     0.989062       408847        91.43
    4048.895     0.990625       409499       106.67
    4106.239     0.992188       410169       128.00
    4134.911     0.992969       410463       142.22
    4171.775     0.993750       410798       160.00
    4259.839     0.994531       411125       182.86
    4313.087     0.995313       411437       213.33
    4386.815     0.996094       411771       256.00
    4431.871     0.996484       411926       284.44
    4476.927     0.996875       412083       320.00
    4538.367     0.997266       412248       365.71
    4587.519     0.997656       412416       426.67
    4620.287     0.998047       412567       512.00
    4636.671     0.998242       412660       568.89
    4648.959     0.998437       412726       640.00
    4665.343     0.998633       412818       731.43
    4681.727     0.998828       412902       853.33
    4689.919     0.999023       412972      1024.00
    4694.015     0.999121       413010      1137.78
    4698.111     0.999219       413065      1280.00
    4702.207     0.999316       413104      1462.86
    4706.303     0.999414       413167      1706.67
    4706.303     0.999512       413167      2048.00
    4710.399     0.999561       413209      2275.56
    4710.399     0.999609       413209      2560.00
    4714.495     0.999658       413266      2925.71
    4714.495     0.999707       413266      3413.33
    4718.591     0.999756       413302      4096.00
    4718.591     0.999780       413302      4551.11
    4718.591     0.999805       413302      5120.00
    4718.591     0.999829       413302      5851.43
    4722.687     0.999854       413329      6826.67
    4722.687     0.999878       413329      8192.00
    4722.687     0.999890       413329      9102.22
    4722.687     0.999902       413329     10240.00
    4726.783     0.999915       413349     11702.86
    4726.783     0.999927       413349     13653.33
    4726.783     0.999939       413349     16384.00
    4726.783     0.999945       413349     18204.44
    4726.783     0.999951       413349     20480.00
    4730.879     0.999957       413358     23405.71
    4730.879     0.999963       413358     27306.67
    4730.879     0.999969       413358     32768.00
    4730.879     0.999973       413358     36408.89
    4730.879     0.999976       413358     40960.00
    4734.975     0.999979       413364     46811.43
    4734.975     0.999982       413364     54613.33
    4734.975     0.999985       413364     65536.00
    4734.975     0.999986       413364     72817.78
    4734.975     0.999988       413364     81920.00
    4734.975     0.999989       413364     93622.86
    4739.071     0.999991       413367    109226.67
    4739.071     0.999992       413367    131072.00
    4739.071     0.999993       413367    145635.56
    4739.071     0.999994       413367    163840.00
    4739.071     0.999995       413367    187245.71
    4739.071     0.999995       413367    218453.33
    4739.071     0.999996       413367    262144.00
    4739.071     0.999997       413367    291271.11
    4739.071     0.999997       413367    327680.00
    4739.071     0.999997       413367    374491.43
    4743.167     0.999998       413368    436906.67
    4743.167     1.000000       413368          inf
#[Mean    =      125.632, StdDeviation   =      542.701]
#[Max     =     4739.072, Total count    =       413368]
#[Buckets =           27, SubBuckets     =         2048]
----------------------------------------------------------
  420004 requests in 10.00m, 76.10MB read
Requests/sec:    700.00
Transfer/sec:    129.88KB
